$ 1 0.000005 10.20027730826997 50 5 43
v -160 48 -160 0 0 0 40 5 0 0 0.5
s -96 0 -96 48 0 1 false
s -32 0 -32 48 0 1 false
s 32 0 32 48 0 0 false
s 96 0 96 48 0 1 false
w -160 0 -96 0 0
w -96 0 -32 0 0
w -32 0 32 0 0
w 32 0 96 0 0
w -96 48 -80 64 0
w -96 48 -112 64 0
w -32 48 -48 64 0
w -32 48 -16 64 0
w 32 48 16 64 0
w 32 48 48 64 0
w 96 48 80 64 0
w 96 48 112 64 0
I -80 64 -80 128 0 0.5 5
I -16 64 -16 128 0 0.5 5
I 48 64 48 128 0 0.5 5
I 112 64 112 128 0 0.5 5
w -112 64 -112 128 0
w -48 64 -48 128 0
w 16 64 16 128 0
w 80 64 80 128 0
150 176 160 208 160 0 2 0 5
150 176 224 208 224 0 2 5 5
150 176 288 208 288 0 3 0 5
150 176 352 208 352 0 3 0 5
w -112 128 -112 144 0
w -112 144 176 144 0
w 48 128 48 176 0
w 48 176 176 176 0
w -80 128 -80 208 0
w -80 208 176 208 0
w -16 128 -16 240 0
w -16 240 176 240 0
w -80 208 -80 272 0
w -80 272 176 272 0
w 48 176 48 288 0
w 48 288 176 288 0
w 112 128 112 304 0
w 112 304 176 304 0
w -80 272 -80 336 0
w -80 336 176 336 0
w 16 128 16 352 0
w 16 352 176 352 0
w 80 128 80 368 0
w 80 368 176 368 0
152 256 240 288 240 0 4 5 5
w 208 160 256 208 0
w 208 224 256 224 0
w 208 288 256 256 0
w 208 352 256 272 0
w 288 240 352 240 0
w -160 48 -160 448 0
150 176 432 208 432 0 2 0 5
150 176 496 208 496 0 3 0 5
w -48 128 -48 416 0
w -48 416 176 416 0
w 16 352 16 448 0
w 16 448 176 448 0
w -80 336 -80 480 0
w -80 480 176 480 0
w 16 448 16 496 0
w 16 496 176 496 0
w 80 368 80 512 0
w 80 512 176 512 0
152 256 480 288 480 0 3 0 5
w 208 432 256 464 0
w 208 496 256 480 0
w 48 288 48 560 0
w 48 560 176 560 0
w 176 560 256 496 0
w -160 448 -160 1712 0
w -160 1712 400 1712 0
w 400 1712 400 1696 0
x 263 250 280 253 4 32 a
x 264 487 281 490 4 32 b
150 176 976 208 976 0 2 5 5
150 176 1040 208 1040 0 2 5 5
152 240 1008 288 1008 0 2 5 5
w -16 240 -16 640 0
w -16 960 176 960 0
w 112 304 112 640 0
w 112 992 176 992 0
w 208 976 240 992 0
w 16 496 16 560 0
w 16 1024 176 1024 0
w 80 512 80 640 0
w 208 1040 240 1024 0
w 400 1680 400 1696 0
w 112 992 112 1056 0
w 112 1056 176 1056 0
x 254 1015 271 1018 4 32 d
150 176 1120 208 1120 0 2 0 5
152 240 1168 288 1168 0 3 0 5
w 208 1120 240 1152 0
w 48 1104 176 1104 0
w 112 1056 112 1136 0
w 112 1136 176 1136 0
w -112 640 -112 1168 0
w -112 1168 240 1168 0
w -48 416 -48 640 0
w -48 1184 240 1184 0
150 176 1248 208 1248 0 2 0 5
150 176 1312 208 1312 0 2 5 5
152 240 1328 272 1328 0 4 5 5
w -48 1184 -48 1232 0
w -48 1232 176 1232 0
w -16 960 -16 1296 0
w -16 1296 176 1296 0
w -112 1168 -112 1344 0
w -112 1344 240 1344 0
w 16 1024 16 1360 0
w 16 1360 240 1360 0
w 208 1248 240 1296 0
w 208 1312 240 1312 0
w 80 1264 176 1264 0
w 112 1136 112 1328 0
w 112 1328 176 1328 0
150 176 1408 208 1408 0 2 5 5
150 176 1472 208 1472 0 2 0 5
150 176 1536 208 1536 0 3 5 5
152 240 1504 272 1504 0 4 5 5
x 252 1175 269 1178 4 32 e
x 251 1341 259 1344 4 32 f
x 244 1507 261 1510 4 32 g
w -112 1344 -112 1600 0
w -112 1600 176 1600 0
w 176 1600 240 1536 0
w -80 1520 176 1520 0
w -16 1296 -16 1536 0
w -16 1536 176 1536 0
w 16 1552 176 1552 0
w 208 1536 240 1520 0
w 16 1360 16 1392 0
w 16 1392 176 1392 0
w 16 1392 16 1552 0
w 112 1424 176 1424 0
w 112 1328 112 1424 0
w -48 1232 -48 1456 0
w -48 1456 176 1456 0
w 48 1104 48 1488 0
w 48 1488 176 1488 0
w 208 1472 240 1488 0
w 208 1408 240 1472 0
150 176 640 208 640 0 2 5 5
150 176 720 208 720 0 2 5 5
150 176 800 208 800 0 3 0 5
150 176 880 208 880 0 3 5 5
152 256 752 288 752 0 5 5 5
w -112 288 -112 576 0
w -112 576 192 576 0
w 192 576 256 720 0
w 208 640 256 736 0
w 208 720 256 752 0
w 208 800 256 768 0
w 208 880 256 784 0
w -112 576 -112 640 0
w -112 288 -112 144 0
w 16 560 16 624 0
w 16 624 176 624 0
w 112 640 112 656 0
w 112 656 176 656 0
w -16 640 -16 704 0
w -16 704 176 704 0
w 112 656 112 736 0
w 112 736 176 736 0
w -48 640 -48 784 0
w -48 784 176 784 0
w 48 560 48 800 0
w 48 800 176 800 0
w 80 640 80 816 0
w 80 816 176 816 0
w -80 480 -80 864 0
w -80 864 176 864 0
w -16 704 -16 880 0
w -16 880 176 880 0
w 16 624 16 896 0
w 16 896 176 896 0
w -16 880 -16 960 0
w -80 864 -80 1520 0
w -48 784 -48 1184 0
w 16 896 16 1024 0
w 48 800 48 1104 0
w 80 816 80 1264 0
w 112 736 112 992 0
x 263 762 279 765 4 32 c
181 1776 480 1776 640 0 334.2597617768906 100 120 0.4 0.4
181 1776 704 1776 848 0 307.26750075850515 100 120 0.4 0.4
181 1744 848 1616 848 0 333.14530974842995 100 120 0.4 0.4
181 1584 848 1584 704 0 332.35455600018514 100 120 0.4 0.4
181 1584 640 1584 480 0 303.88364123653463 100 120 0.4 0.4
181 1616 480 1744 480 0 332.7677436580703 100 120 0.4 0.4
181 1616 672 1744 672 0 331.96688923385733 100 120 0.4 0.4
w 352 240 1776 240 0
w 1776 240 1776 480 0
w 1456 928 1776 928 0
w 1776 928 1776 848 0
w 400 1712 1488 1712 0
w 288 752 1296 752 0
w 1296 752 1296 1008 0
w 1296 1008 1744 1008 0
w 1744 848 1744 1008 0
w 288 480 1344 480 0
w 1344 480 1344 928 0
w 1344 928 1456 928 0
w 288 1008 1200 1008 0
w 1584 704 1200 704 0
w 1200 1008 1200 704 0
w 288 1168 1120 1168 0
w 1120 1168 1120 656 0
w 1120 640 1584 640 0
w 1120 656 1120 640 0
w 272 1328 1024 1328 0
w 1024 1328 1024 368 0
w 1024 352 1744 352 0
w 1744 352 1744 480 0
w 272 1504 944 1504 0
w 944 1504 944 672 0
w 944 672 1616 672 0
w 1024 368 1024 352 0
w 1584 416 1584 480 0
w 1616 480 1536 480 0
w 1536 480 1536 128 0
w 1584 416 1584 128 0
w 1536 128 1584 128 0
w 1584 128 1936 128 0
w 1936 128 2112 128 0
w 1744 672 1808 672 0
w 1776 704 1808 704 0
w 1808 704 1808 672 0
w 1776 640 1808 640 0
w 1808 640 1808 672 0
w 2096 672 2112 672 0
w 2112 128 2112 672 0
w 1808 672 2080 672 0
w 2080 672 2096 672 0
w 1616 848 1616 1328 0
w 1584 848 1584 1328 0
w 1584 1328 1616 1328 0
w 1584 1328 1584 1712 0
w 1488 1712 1584 1712 0
w 2112 672 2128 1696 0
w 1584 1712 2128 1712 0
w 2128 1696 2128 1712 0
